───────────────────────────────────────────────────────────────────────────────
Language            Files       Lines    Blanks  Comments       Code Complexity
───────────────────────────────────────────────────────────────────────────────
TypeScript            139      40,187     6,177     1,446     32,564      1,489
Python                 88      24,739     2,582     2,359     19,798      2,172
Nix                    81       9,221       807     2,121      6,293        385
Markdown               54       8,344     1,947         0      6,397          0
TOML                   19         520        68        16        436          6
Terraform              18       2,720       263       812      1,645        132
JSONL                  17       1,611         0         0      1,611          0
CSV                    13      20,420         0         0     20,420          0
JavaScript              8         198        14        29        155         17
Shell                   7         896       120        62        714         68
HCL                     6         225        11        12        202          0
Dockerfile              3         112        24        27         61          9
YAML                    2         292        16        54        222          0
CSS                     1          20         4         0         16          0
HTML                    1       1,156        78         2      1,076          0
License                 1          21         4         0         17          0
Plain Text              1           0         0         0          0          0
SVG                     1           8         0         0          8          0
───────────────────────────────────────────────────────────────────────────────
Total                 460     110,690    12,115     6,940     91,635      4,278
───────────────────────────────────────────────────────────────────────────────
Estimated Cost to Develop (organic) $3,102,842
Estimated Schedule Effort (organic) 21.15 months
Estimated People Required (organic) 13.03
───────────────────────────────────────────────────────────────────────────────
Processed 10330816 bytes, 10.331 megabytes (SI)
───────────────────────────────────────────────────────────────────────────────
